wave flux fluxerr
489.0236633327161 2.2237459937845134e-19 1.5477967528033738e-19
493.204382878066 1.515056772936826e-19 1.5086800946629393e-19
497.4823463341307 -1.1813529487088922e-19 1.404725069871429e-19
501.86010074663295 -6.160064935213335e-20 6.752238066635005e-20
506.3476387666791 -1.2995630944757296e-19 6.495423312759517e-20
510.94897728182286 -2.035301517076263e-19 6.475338018470557e-20
515.6592570839946 -2.0468495474601063e-19 5.994358442542644e-20
520.4808641890105 -8.853522160431253e-20 4.0590244499626327e-20
525.4295385424707 -8.441472993668346e-21 3.944581707610647e-20
530.5049430711326 -2.4793656791732534e-20 3.79167005206558e-20
535.7009838103108 -7.385466468466755e-20 3.6440785300071115e-20
541.0411311889504 -9.577612667866751e-20 3.4828839325135534e-20
546.5122945748823 -1.3671527438110445e-20 3.377212291388032e-20
552.1314191361478 -1.176310486144686e-19 3.281313634145524e-20
557.8936137147003 -5.599038155369859e-20 3.184378645576579e-20
563.815584046498 -5.654958929057819e-20 3.0431246275694126e-20
569.8877732539755 -3.582019893160631e-20 3.000411562068981e-20
576.1308823013426 -3.2347556290410674e-20 2.9371129772433406e-20
582.5412903220994 -1.3973491430696743e-20 2.884460218842924e-20
589.1223343960452 -1.2204454767239143e-20 2.7928415047017694e-20
595.8853926796274 -5.674773360009937e-20 2.740219763182731e-20
602.835620637452 -2.1662148024026364e-20 2.7180141823084804e-20
610.4465775647146 -8.651222481345008e-21 2.6387020465074172e-20
617.7992908790442 1.568088173647097e-20 2.582948594048344e-20
625.3546725188104 -1.3258291165135202e-20 2.492650783855841e-20
633.1184359511174 -4.175133862395813e-20 2.4165160805317395e-20
641.0983971272555 -5.800652519038748e-20 2.382880567964284e-20
649.3026660741123 -5.636201136617864e-20 2.310511439855778e-20
657.7316375998852 -8.474389964635585e-20 2.3149711104592985e-20
666.3888013592432 -1.0731329867672105e-19 2.2663989447320494e-20
675.2844483577605 -6.435046724270902e-20 2.2136817607889696e-20
684.423817395104 -2.920199001891505e-20 2.1353266379229356e-20
693.8046319880876 1.738086067776184e-21 2.0611128159516904e-20
703.4402134398551 -1.9599364891578612e-20 1.971483419804014e-20
713.3272220627229 -1.0184198319634429e-20 1.9490079704868596e-20
723.4673923791528 -7.259647710071243e-20 1.8657489791714614e-20
733.8718279121849 -1.79147290691217e-20 1.7768851171842653e-20
744.535741501862 -2.0073293695044896e-20 1.6930228583916578e-20
755.4601624947924 -2.496836284164461e-20 1.6050937748665428e-20
766.6458097864206 -1.543821167130962e-21 1.5614052423734454e-20
778.0920304741014 -1.374802000055095e-20 1.462681072554622e-20
789.7968632365278 -9.87735488734688e-21 1.4294527084741148e-20
801.757110682659 -1.0282089614652349e-20 1.3759512150531666e-20
813.97255429635 -2.2332480567023415e-20 1.308062781752033e-20
826.4363199131564 -2.478693319022854e-20 1.2480958259010867e-20
839.1398497404648 -3.1259718319781737e-20 1.1974076968474886e-20
852.0822223381483 -2.971949111804281e-20 1.1663685409031601e-20
865.2507105121927 -3.207217265342253e-20 1.1283077454647614e-20
878.6411904498615 -1.768380675511516e-20 1.0973869554289563e-20
892.2398613315034 -3.0735277695156994e-20 1.0544723901399726e-20
906.0416098916189 -1.5933153791330363e-20 1.0146176084785292e-20
920.0327042008131 -1.4566892780700318e-20 9.984501881550832e-21
934.2017197912805 -1.765348960565164e-20 9.570356580989734e-21
948.5373957708567 -3.9263616815667554e-20 9.187648448643504e-21
963.0283323715144 -4.49741025590166e-20 8.980195402821809e-21
977.6620811717031 -2.015461991110897e-20 8.860229720218606e-21
992.4253745585339 6.697698229289848e-21 8.668730881846925e-21
1007.3056946788396 -7.039693015144377e-21 8.580964605828544e-21
1022.2905205696428 -1.3513911239302793e-20 8.317251128000278e-21
1037.3674445187232 -2.674516583781797e-20 8.087343522569577e-21
1052.5242724879342 -7.073642065523128e-21 8.682357066415201e-21
1067.7491092244247 7.655186850053278e-21 8.618978484355535e-21
1083.030428909316 -3.581951519572476e-21 8.41302661110024e-21
1098.357254002751 3.0843354212985355e-21 8.282150600319238e-21
1113.7188229132446 1.0397786284682494e-20 8.110535471831186e-21
1129.1049228530699 8.860844857864788e-21 7.960383038943381e-21
1144.5059590821272 2.905490420608604e-21 7.922078126490175e-21
1159.912886391574 -2.09079818141937e-20 7.858242759411004e-21
1175.3172152012048 -1.2035012936013218e-20 7.715345709035008e-21
1190.711011244229 -7.243330949322042e-21 7.422908362398793e-21
1206.0868898364292 1.7141891854715437e-21 7.237058439491121e-21
1221.4380056490652 9.09284653856902e-21 7.996411204170699e-21
1236.7580388168542 5.272652768624223e-20 7.911399419697576e-21
1252.041013578731 8.771918064946117e-20 7.908687481240301e-21
1267.281727439488 7.44273787782451e-20 7.797082562242173e-21
1282.4753761337781 7.327955317903182e-20 7.63844524824675e-21
1297.617571477062 7.726760097839416e-20 7.39726515842324e-21
1312.7043486017808 7.249491381938947e-20 7.225432440767045e-21
1327.7321427561094 6.960566911873306e-20 7.176243179340123e-21
1342.6977660795076 8.68734022259032e-20 7.109602773180959e-21
1357.5983845996143 7.980635373814878e-20 7.002620763466795e-21
1372.4314956517974 7.943728935850801e-20 6.7409828307214855e-21
1387.194905881497 6.741670661330324e-20 6.145439127547607e-21
1401.8867099517054 5.1640226759338476e-20 5.857481128575984e-21
1416.5050016283328 6.356507255414999e-20 5.8089372127165626e-21
1431.048311472983 6.267789932840699e-20 5.739116052394224e-21
1445.5156916055973 5.699098053484681e-20 5.57789140863019e-21
1459.9061877704464 5.430620516669409e-20 5.4122849115383344e-21
1474.2190413077917 5.932183285080765e-20 5.7980457878886555e-21
1488.4536732184367 7.603597111934339e-20 5.8307873551852784e-21
1502.6092195993708 8.003866529165048e-20 5.571131739526058e-21
1516.684918526236 5.826033773691605e-20 5.508135824343418e-21
1530.6814323207116 5.981173771365493e-20 5.314970740817251e-21
1544.5987601341176 1.3586115640092127e-19 5.605954343942728e-21
1558.4359276455577 1.3459738460995446e-19 5.512601367108493e-21
1572.1933575267503 7.169494897864153e-20 5.086387548853465e-21
1585.8720810079928 5.658919816463043e-20 5.046830393084045e-21
1599.4710704701781 5.403272442533006e-20 5.054693697486496e-21
1612.9912491382267 4.468170724956084e-20 4.960593478585123e-21
1626.4337192909782 5.2016693620065695e-20 4.933122516255855e-21
1639.7969238076232 6.591560290923566e-20 4.943977431627911e-21
1653.0837865221304 6.639132422623965e-20 4.942790174291765e-21
1666.2924929311387 8.299459239547934e-20 4.945736033455947e-21
1679.425747607434 6.341627105460846e-20 4.7619778626976706e-21
1692.4821513042523 5.118251385078668e-20 4.5462189652753255e-21
1705.4644011983953 5.340214989171548e-20 4.541257433075996e-21
1718.3707476577385 5.119564943877716e-20 4.418844596425647e-21
1731.204321468919 5.656494208215393e-20 4.501062501373757e-21
1743.963652941104 5.677868064125512e-20 4.5270256338533366e-21
1756.6508634862173 5.039509369872011e-20 4.4414767527013915e-21
1769.266647302042 4.458333965759555e-20 4.362417266970019e-21
1781.8102608756944 2.757490431325916e-20 4.22154003729052e-21
1794.2841959299856 3.693347404703999e-20 4.259247404833712e-21
1806.6887375688952 4.754226321002239e-20 4.269845029761869e-21
1819.0233429609102 4.4861995854648706e-20 4.1746640177168146e-21
1831.2902831824838 3.5253609218573133e-20 4.0361588935958694e-21
1843.490210345724 3.605707275536411e-20 4.055343588374072e-21
1855.6230884880072 3.2111790058693275e-20 3.982866883980517e-21
1867.6895800875711 4.1427459999641275e-20 3.99832514856332e-21
1879.6911656236614 3.6493393966194987e-20 3.95698674766016e-21
1891.6285187961364 4.435356363108744e-20 3.9602464138138294e-21
1903.5023162355042 7.109647256007221e-20 3.999552387508888e-21
1915.3130108672253 6.083091763115454e-20 3.962895309615789e-21
1927.0608838884993 3.734944825002008e-20 3.767856931548941e-21
1938.747345786367 3.613878926163698e-20 3.735019328154776e-21
1950.3730755813924 3.1971160681184275e-20 3.821892264316757e-21
1962.679169938721 3.4494330609668795e-20 3.808310723973703e-21
1974.1816872976553 3.182059039094258e-20 3.8316481326028824e-21
1985.6255269637745 3.642800429595374e-20 3.740909502028672e-21
1997.0112717729596 2.8589402392896226e-20 3.509726616066602e-21
2008.3397028455718 2.6992363794368175e-20 3.6302775785884246e-21
2019.611511504748 1.8452483786005425e-20 3.5586687419631215e-21
2030.8273593352299 2.7272598123703105e-20 3.517998121498324e-21
2041.9879038505562 2.817505781370218e-20 3.48135455527819e-21
2053.0937591703178 2.800249328244746e-20 3.513124768494567e-21
2064.145490470531 3.3268473295861343e-20 3.519359535890077e-21
2075.1438203294224 2.891527506600688e-20 3.491326312660191e-21
2086.089387985815 3.104250786646929e-20 3.5561568241564804e-21
2096.9828273257094 2.9429356342015e-20 3.563346336944063e-21
2107.8247666957454 2.3580672729198918e-20 3.5026940959575274e-21
2118.6158287361045 2.3337651826537056e-20 3.52346363955389e-21
2129.356516262515 2.1962588554276436e-20 3.50021250957092e-21
2140.047220998666 2.4584502832449614e-20 3.342149212186032e-21
2150.688842966022 2.592010863516782e-20 3.3389016239224514e-21
2161.281510299228 2.3195878758326843e-20 3.4515025333216e-21
2171.8261925628535 1.8195440633937264e-20 3.3527784577423616e-21
2182.3235358223387 2.3370621835153067e-20 3.5544119620851866e-21
2192.773784956856 2.2906434386827602e-20 3.474074235195154e-21
2203.177516258047 2.2479509275797806e-20 3.582344996112564e-21
2213.534947400761 2.0934700282654644e-20 3.568907340512364e-21
2223.8472001906753 2.2000184500192527e-20 3.3704465794186775e-21
2234.114658271131 1.9106783007968154e-20 3.401133216775964e-21
2244.3375254600746 1.7053848731909303e-20 3.494773954709086e-21
2254.5160506551542 2.1510042147588138e-20 3.3658233372919676e-21
2264.6515848136605 2.024134787492069e-20 3.3406837019334774e-21
2274.743966487604 1.7794519347211434e-20 3.3122852869830034e-21
2284.7935530612413 2.0268513589282758e-20 3.263019457886293e-21
2294.8013445221154 1.7344709564363656e-20 3.254377823771199e-21
2304.767528269546 1.412932494973875e-20 3.25649602728843e-21
2315.3258488884867 1.5243570503462985e-20 3.254439565864216e-21
2325.2071548238673 2.1347894592414288e-20 3.2713738836017204e-21
2335.0489764239555 2.026420199512102e-20 3.1743014422873635e-21
2344.8497277405413 1.7850533224409356e-20 3.1675532512139937e-21
2354.6117557325574 2.1208718062541e-20 3.3136306263671664e-21
2364.3347848868834 2.0573691451119742e-20 3.2171198105792536e-21
2374.018719066207 1.8215393770875402e-20 3.328226377773961e-21
2383.665457581352 1.8784436787424488e-20 3.3417976015388158e-21
2393.2729614281498 2.2455568986870936e-20 3.164673279297381e-21
2402.844143879823 2.3661866490591247e-20 3.149681600472247e-21
2412.3775137751068 1.3906672395660292e-20 3.102492980184355e-21
2421.874744678832 1.7039165765481513e-20 3.106026111400636e-21
2431.335343598719 2.8461940151680904e-20 3.1572220734525835e-21
2440.7601951491383 1.8728909470395256e-20 3.024125266289631e-21
2450.1493556064574 1.0725004259274846e-20 3.0840744033853613e-21
2459.503365126257 1.4793448023371762e-20 3.082070494440604e-21
2468.822392487473 1.8447973691833086e-20 3.1672190576436814e-21
2478.107062929072 2.1281205257345047e-20 3.263257420965587e-21
2487.357235750897 1.8557218681602405e-20 3.270860373311646e-21
2496.574036231428 1.853929737852983e-20 3.042827920564246e-21
2505.7566066250893 2.112795265276685e-20 3.204143562558439e-21
2514.9069729889557 1.3287646440937249e-20 3.0782339886623884e-21
2524.0231670080166 1.1199291347438622e-20 3.1199330019634687e-21
2533.1077998788564 1.667198810704603e-20 3.3136225840956175e-21
2542.1595204596956 1.6038421453242267e-20 3.385191145846255e-21
2551.1795156826483 2.215702143956031e-20 3.112652822847196e-21
2560.16821322855 1.867370241881748e-20 3.1384875589465454e-21
2569.1247350456056 1.4811989929461477e-20 3.2238315136148938e-21
2578.0509947885985 1.1635077624674207e-20 3.211096315918872e-21
2586.945923350682 1.4632653711581064e-20 3.0673243665924403e-21
2595.810361332167 1.3512300047432127e-20 2.9916401164087284e-21
2604.6452759997705 1.2514234801721004e-20 3.150070556499517e-21
2613.4492124624976 1.575992793174352e-20 3.2050859606929977e-21
2622.2239073730193 1.3376366159496168e-20 3.1114626175110803e-21
2630.969796278964 1.1973051321115009e-20 3.248671440407768e-21
2639.6854281181395 8.389900052586383e-21 4.252754504872395e-21
2648.372650944435 8.985289242350525e-21 4.107682660076745e-21
2657.031764177431 8.370107657055214e-21 3.0918141653500245e-21
2665.6616920729793 1.0166919588884808e-20 3.0748551585303343e-21
2674.2636459091864 1.4823004466230668e-20 3.258966963831114e-21
2682.8381662263246 9.507916724101435e-21 3.2774629459566625e-21
2691.3849066873663 1.1961894745572906e-20 3.2343968594276022e-21
2699.903728637984 1.7448056372424735e-20 3.16626507838791e-21
2708.3957733717416 1.5233178390218175e-20 3.2058530068210173e-21
2716.8612410561736 1.4905794704348984e-20 3.295860367889576e-21
2725.299524444823 1.563568301800394e-20 3.336830802989917e-21
2733.711147411283 1.867902831475133e-20 3.428399738839712e-21
2742.096824687679 1.347205964174095e-20 3.464749845966948e-21
2750.4567489979177 1.8408132311279048e-20 3.5071848681031556e-21
2758.7906473980092 2.192138847247747e-20 3.609894531258532e-21
2767.098507988834 2.737185102905488e-20 3.528156679499395e-21
2775.381222975325 1.1268967054448441e-20 3.686959785957678e-21
2783.638977916558 1.5413182614400745e-20 3.7204198615864304e-21
2791.871956742234 2.118026026827946e-20 3.5645656918966876e-21
2800.079796885578 2.3259602756479727e-20 3.3423295986353176e-21
2808.2628235905777 1.0770714307232733e-20 3.4205694210411704e-21
2816.421653219086 1.1560455946797511e-20 3.393365611103487e-21
2824.5564628744387 1.5693853395145267e-20 3.3271217098018462e-21
2832.667428107051 2.097264360209468e-20 3.557738792326319e-21
2840.7547229286884 2.431066835000083e-20 3.615035037124942e-21
2848.817960704638 9.188515411110395e-21 3.464935579589243e-21
2856.8576920134587 1.556946525497494e-20 3.5262673299040845e-21
2864.8743000507193 1.1259078522507285e-20 4.452878543975921e-21
2872.8679523926703 1.4070937783131197e-20 4.664195616558765e-21
2880.8388151511886 1.1548964298578844e-20 4.715150539670215e-21
2888.7870529873817 1.2458587266790269e-20 3.605814801455144e-21
2896.7128291249637 1.2780853584838847e-20 3.466951072050055e-21
2904.616305364063 1.707120486798694e-20 3.398150046485861e-21
2912.497139106697 1.980679304554309e-20 3.418262680976573e-21
2920.356010399012 1.8553045824446206e-20 3.663942295844888e-21
2928.1930897114926 1.1080629714598247e-20 3.761987370667052e-21
2936.0085329007557 1.1413175830614193e-20 3.501422159731579e-21
2943.8024944699887 9.8243545525997e-21 3.608550394241704e-21
2951.5751275819307 9.9680639651503e-21 5.242618695954671e-21
2959.3265840717436 1.1921604755191068e-20 5.1310324881122934e-21
2967.0570144593753 1.2347481573801355e-20 3.612337172460352e-21
2974.7665679627885 1.6092503297363657e-20 3.823548882080458e-21
2982.45539250965 1.2372206924105226e-20 3.8853158637784535e-21
2990.123634750386 1.849711226378767e-20 3.900987426310839e-21
2997.7714400701334 1.989965175364994e-20 3.7143146068211725e-21
3005.3989526010782 9.81818495053715e-21 3.75595903068587e-21
3013.0063152344496 1.024043894731108e-20 3.734888774007979e-21
3020.593669632706 1.513776521744449e-21 3.720933025957838e-21
3028.1611562413473 1.4768624665998432e-20 3.942878112858626e-21
3035.708914300562 1.1724232035028134e-20 3.964408813311753e-21
3043.237081857256 1.7676877803699837e-21 3.917630427924132e-21
3050.7457957763263 7.192679764782814e-21 4.1620017112604364e-21
3058.2351917525093 1.4225844386105943e-20 4.2463293531208066e-21
3065.705404321427 8.644572503501567e-21 4.004438155210617e-21
3073.156566871235 1.5128365316270064e-20 3.987725177588226e-21
3080.5888116535257 1.042350851448208e-20 4.184033410306631e-21
3088.4713147110033 5.053855473217521e-21 4.242361327187675e-21
3095.864938637826 1.1026481078410081e-20 4.235234581507787e-21
3103.2400518742043 1.432561522424788e-20 4.213931665889873e-21
3110.596782058674 1.519251833986325e-20 4.218171267205169e-21
3117.935255749732 2.006460543501845e-20 4.28426919706212e-21
3125.255577035722 2.6243620704623533e-20 4.3644809843473765e-21
3132.557789616538 1.971663156677457e-20 4.21951862054899e-21
3139.8421081173256 1.3177560343332708e-20 4.1914904609672764e-21
3147.1086550170157 2.2158013192997278e-20 4.305111392138108e-21
3154.357551764932 1.2756909580007992e-20 4.3397546382495854e-21
3161.5889187910525 1.0777322929023879e-20 4.1931317734097756e-21
3168.8028755158266 7.513814676108977e-21 4.336339124215523e-21
3175.9995403602766 4.931400530544574e-21 4.3938488945960134e-21
3183.1790307556403 4.811333811703196e-21 4.2595187362710106e-21
3190.341463153332 1.3991503271376934e-20 4.356223122014898e-21
3197.4869530344436 1.3548358026527021e-20 4.4878895557914196e-21
3204.615431833258 1.1434648424955444e-20 4.436293130641169e-21
3211.7271410018047 1.3755179594741813e-20 4.346907770273594e-21
3218.8221272045434 1.6047989043787723e-20 4.365864407751301e-21
3225.9004659807683 1.0856646034065354e-20 4.37240349055949e-21
3232.9624068878443 6.320035194800426e-21 4.788635183075965e-21
3240.0080600127135 2.7319714570864976e-21 5.080796605472115e-21
3247.037534533887 1.0645280756209916e-20 4.47988239722094e-21
3254.050938730665 5.883708373470948e-21 4.643950487804292e-21
3261.0483366291355 3.471759535248709e-21 6.237186229831961e-21
3268.029605735831 6.811498325668891e-21 5.9043570257352e-21
3274.9949719042543 2.022336072213911e-20 6.268968936563176e-21
3281.944491977122 4.991913528368955e-21 4.7402420460446974e-21
3288.8784531708766 6.082725731390867e-21 4.688376105686096e-21
3295.796958760344 1.0755707408533905e-20 4.73479342807273e-21
3303.1355420340146 1.3583761075268577e-20 5.001223655410985e-21
3310.0223431970912 8.353964765486078e-21 5.0100462741048364e-21
3316.893996033154 8.850327902448768e-21 5.278228628782173e-21
3323.749827734409 5.689411278394625e-22 5.33101290304058e-21
3330.590696700365 4.4131150264619e-21 7.645800486888764e-21
3337.416701444132 2.544600700581113e-21 7.113565389237054e-21
3344.227939683139 2.9218992683823642e-21 6.7665050095650805e-21
3351.0245083469126 1.4223241482514277e-20 6.7189294642244934e-21
3357.8061222067013 1.3114882730664959e-20 5.530799255932541e-21
3364.572762935057 5.543766747311011e-21 5.478331497523443e-21
3371.3250058301555 7.898442620592363e-21 5.4922491398248925e-21
3378.062944926747 5.649705680242158e-21 5.24913580483601e-21
3384.7866735072334 7.98496422443014e-21 5.017111444774627e-21
3391.4958560287228 9.995674960359585e-21 5.241512095381097e-21
3398.190484549889 1.0510392155339387e-20 5.215307722487686e-21
3404.87116445569 6.7495950449985006e-21 6.963318498844837e-21
3411.5379862616696 1.1189275876561247e-20 6.917909906329447e-21
3418.1910397649217 9.508391429197266e-21 6.827107486313066e-21
3424.8295172119033 1.0227786893921798e-20 5.4391494248030175e-21
3431.4542696693693 -4.251640977211605e-21 7.824019722261858e-21
3438.065506309162 3.768876801807103e-21 8.142392757281064e-21
3444.663314283559 6.319593876867886e-21 8.050046979099054e-21
3451.247103426619 6.780724505974021e-21 5.360056642287608e-21
3457.81722284527 3.979319835446218e-21 5.6378684673622064e-21
3464.3741589407855 9.182534680333156e-21 6.0823728073112055e-21
3470.9179963125575 1.2856653762886049e-20 6.065718938213552e-21
3477.4481057463017 4.206851218644473e-21 5.884031540043363e-21
3483.964850457635 9.081129801200413e-21 8.092695169139155e-21
3490.4687348866673 1.2359570675231035e-21 7.507264805334802e-21
3496.9598411686457 9.896474426173289e-21 9.030803230197058e-21
3503.437254201185 1.1440158877676286e-20 6.1665118395932e-21
3509.9018476686865 1.5068912935707806e-20 6.331816247894319e-21
3516.3538947629677 9.793588041264069e-21 6.2265558743047166e-21
3522.79319934423 1.0746681197037557e-20 6.080402287727117e-21
3529.2191506755507 1.4620397713050563e-20 6.265759569146603e-21
3535.6327826614893 2.5921945720034175e-21 5.749980573388623e-21
3542.0341733618193 6.429059617475745e-21 6.013180214067826e-21
3548.4224248964774 1.4522408718688052e-20 6.253368015621803e-21
3554.798273128715 5.716270449630739e-21 8.119308261671382e-21
3561.1621008191405 -2.317482578130198e-21 8.245095909696926e-21
3567.5134171150617 2.7038611488243143e-21 8.135790415055525e-21
3573.852100527514 1.5837513432409714e-20 8.38227965585608e-21
3580.1789796664816 8.174468066639505e-21 5.9494448335810384e-21
3586.4938407101276 -4.456432964620859e-22 5.906093905733324e-21
3592.795966112194 2.059937027972095e-21 6.059743277007975e-21
3599.086499142712 1.2238198460085785e-20 6.1666584379000315e-21
3605.3653764367587 1.525107401290224e-20 6.254511088603446e-21
3611.6315388018415 5.151563855452233e-21 5.8911679079779115e-21
3617.886316436902 9.906219616364123e-21 9.655055932290754e-21
3624.12967318712 1.9692392538935515e-21 9.706783960773099e-21
3630.360455933604 4.713809048368123e-21 9.567867702152328e-21
3636.580057434691 8.912347046295047e-21 8.061655673171864e-21
3642.7883487320055 1.9808427162819164e-21 9.337747159684734e-21
3648.9843239971597 1.6660671177511022e-22 1.0208223805254096e-20
3655.169317445178 8.903207770575119e-21 1.0724590444077408e-20
3661.3429904435966 1.6674848508689722e-20 6.897135185001644e-21
3667.504719350297 8.367203223983905e-21 6.90474662285198e-21
3673.6556619096314 5.686776878096236e-21 6.902658293349675e-21
3679.79515599967 2.1448702678657403e-20 8.874478932718657e-21
3685.923188916189 1.1686993973895113e-20 1.076864272392575e-20
3692.0406270923095 1.2662403822988898e-20 9.980589791304826e-21
3698.146374070019 1.5814224594911735e-20 9.579790130489949e-21
3704.2412508632133 1.1289479520635077e-20 8.66829965141082e-21
3710.325608702042 2.1312342860715888e-20 6.647771488266486e-21
3716.398144985289 2.1632470732141857e-20 6.88277394918562e-21
3722.4603952669963 1.437071480094173e-20 6.782505686999204e-21
3728.5116938716396 2.2071219056925416e-20 7.417815923687012e-21
3734.5519413885627 1.9063248673420383e-20 7.578272561861431e-21
3740.5820847560226 -9.972909867141303e-21 9.725877996582764e-21
3746.6007367663856 1.8098242393152857e-20 1.0504153175008875e-20
3752.609208870804 7.075082983463403e-21 9.451221048394054e-21
3758.6071548775867 1.8172752759455505e-21 9.003795997413032e-21
3764.594166181145 -5.5072587668479245e-21 1.0572921685910449e-20
3770.5713665897015 -8.406646511256084e-21 1.073348157955978e-20
3776.5373236409523 -1.0129312195135182e-20 1.0747020817826739e-20
3782.493384856471 1.546369916165966e-20 9.70820073302289e-21
3788.4390441793184 1.0321485134634516e-20 9.429689913479423e-21
3794.3741705152643 8.272565812066387e-21 7.593490174110554e-21
3800.2996867551265 1.0543039098081236e-20 7.535529724430689e-21
3806.214080203473 1.609104828395762e-20 7.606777831147156e-21
3812.1190569586 3.756991537091672e-21 7.638480661693239e-21
3818.0134666746344 1.9065037132932378e-20 7.755182276095594e-21
3824.2661826329336 -2.7948444917536694e-22 7.51416463864711e-21
3830.1403238426933 1.413758452438689e-20 9.894921361782684e-21
3836.0038920852135 1.3892144393346587e-20 1.0073989134951165e-20
3841.858176670674 1.6111169096493454e-20 1.1558253676951796e-20
3847.701973235664 9.958909389368767e-21 8.044333296354971e-21
3853.5363937294524 6.974968926516234e-21 7.97170785392282e-21
3859.360765265714 1.5284480971783394e-20 7.588152998417314e-21
3865.1754519379474 4.5828840504438704e-20 7.92651219081122e-21
3870.980603709641 8.616694889175428e-20 7.751983081918555e-21
3876.775744912189 2.2883948825198877e-20 8.006748896607213e-21
3882.5617693901895 -2.346698304212522e-22 7.859072810338247e-21
3888.3376024895183 2.189174542010705e-20 7.803038378268959e-21
3894.1045319540817 9.791822704293101e-21 7.229190509176977e-21
3899.861350986328 7.609671988393653e-22 7.074535421945468e-21
3922.7958086814665 1.8426778774141585e-20 2.1838147045865043e-20
3934.2071533286107 1.278201271631357e-20 1.1521958187268286e-20
3939.899037951141 9.404829221099446e-21 7.929825767998394e-21
3945.5816598835936 -2.8654994128103765e-21 7.89511053196178e-21
3951.2551814013314 3.1854955028296406e-21 7.654439095758527e-21
3956.919637751138 1.522142800131974e-20 7.721262177939064e-21
3962.574969314686 -7.933652430408123e-21 7.808334028056846e-21
3968.221393087331 -1.5773321091672856e-20 9.728165797730482e-21
3985.7951650321534 9.87035807104988e-22 6.0579791282081175e-21
4030.7896007411455 5.211553545810672e-22 5.970941047401564e-21
4074.9593562579853 4.456107379815454e-21 7.095129499738248e-21
4118.369139218981 -5.5685580305269176e-21 7.414206799092769e-21
4161.078076158509 -9.743138629059765e-21 7.552776765803439e-21
4203.1206258306065 -1.6885410080200702e-21 7.425413160691542e-21
4244.516291197765 -1.0611361555871739e-20 7.535265417038217e-21
4285.282231449822 -1.4938735218043305e-20 7.121791106140196e-21
4325.43560577661 -2.8569454051555638e-21 7.468782901715516e-21
4364.993573367965 2.579778787895382e-22 7.791126100804753e-21
4403.973293413721 2.331855357585851e-20 7.97828127291386e-21
4442.391925103712 -1.9264177770820396e-20 7.920276074950368e-21
4480.266627627773 -1.4186256729000793e-20 8.24263647122902e-21
4517.614560175739 -7.073827690197079e-21 8.352282828089469e-21
4554.45288193744 4.379075877192578e-21 8.130094620569355e-21
4590.798752102713 7.656881102127946e-21 8.04288962221903e-21
4626.669329861391 4.945608747270358e-21 7.981122016074948e-21
4662.081774403307 -3.87866626361252e-21 7.708018312812398e-21
4697.053244918291 -8.093948685489388e-21 7.979296893527709e-21
4731.6009005961805 5.422621726620258e-21 7.963491666107152e-21
4765.741900626804 3.504194521802941e-21 8.143096418465796e-21
4799.493404199996 -8.880904835842917e-21 8.000114249415422e-21
4832.872570505587 -1.50096552967815e-20 8.6245948043682e-21
4865.8965587334105 -1.0602195129075947e-20 8.382399319633743e-21
4898.582528073298 1.1709703053081023e-20 8.388157855722398e-21
4930.947637715078 2.837667922908086e-20 8.685745166216976e-21
4963.009046848587 6.327406805953823e-20 8.581907289327325e-21
4994.78391466365 6.320513046322487e-20 8.540057625966517e-21
5026.2877766438205 3.106938195861864e-20 8.708421870188171e-21
5057.528990959385 -9.729301625496085e-22 8.612796582096786e-21
5088.511561659695 -6.2910340170737824e-21 8.83641587667138e-21
5119.238810151838 -1.1285768902928423e-20 8.776401946517054e-21
5149.714057842909 -1.3665135606267668e-20 8.747339184056552e-21
5179.9406261399945 -6.649517472005879e-21 8.863436150162241e-21
5209.9218364501885 7.849351464672304e-21 8.818581979514701e-21
5239.661010180576 -6.24768779674125e-21 8.856384632375356e-21
5269.161468738253 -2.966206288723515e-21 9.014260272184961e-21
5298.426533530304 -2.044122963470024e-20 8.994370084583583e-21
5327.459525963824 9.256082430025735e-21 9.128121810487946e-21
5356.263767445901 -1.861067740662273e-20 9.118118309880213e-21
5384.842579383623 5.413521981296082e-21 9.202076746127663e-21
5413.199283184086 2.140209207806077e-21 9.167068455714748e-21
5441.337200254376 -3.77048450960846e-21 9.42374491440321e-21
5469.25965200158 -2.3982988123182437e-20 9.258864503235804e-21
5496.969959832791 8.689949410162124e-21 9.437178938559985e-21
5524.4714451551 3.648459376979635e-21 9.503314630600858e-21
5551.7674293755945 4.7257819952274476e-21 9.467362587102086e-21
5578.861233901366 -6.435087547336289e-21 9.493508358069767e-21
5605.756180139501 -1.5316850406718547e-21 9.580462727790731e-21
5632.4555894970945 5.412690269485346e-21 9.639383804535867e-21
5658.962783381231 3.3189678097309217e-21 9.512856727153504e-21
5685.281083199002 -5.7077514264685896e-21 9.502810727253746e-21
5711.413810357496 -1.5881519100561757e-20 9.631332477709412e-21
5737.3642862638035 1.0242437041801572e-20 9.645624947114304e-21
5763.135832325013 -2.1157335960409598e-22 9.487572167872489e-21
5788.7317699482155 -4.0392502825342746e-21 9.512160246072506e-21
5814.155420540498 -1.8744412047795158e-20 9.490192494500201e-21
5839.4101055089495 -8.380808441599418e-21 9.717053799645484e-21
5864.499146260661 -5.5613956666815886e-21 9.639339096412991e-21
5889.425864202721 -2.572993159331263e-21 9.810755219411015e-21
5914.193580742216 1.0200407441352842e-20 9.829898271538195e-21
5938.805617286237 9.740504884069159e-21 9.960847906173672e-21
5963.265295241874 -1.1490829831797117e-20 9.920009324666996e-21
5987.575936016215 -5.3679848628068185e-21 9.830311745681712e-21
6011.740861016346 -7.097832978806786e-21 9.990867509087933e-21
6035.763391649358 -2.4012430978296035e-21 1.0062177124437103e-20
6059.646849322341 -2.811560291605346e-21 1.0368349960164716e-20
6083.394555442382 -1.2628747008405468e-20 1.0495393770277633e-20
6107.009831416568 1.6871182824563316e-20 1.0290232491988286e-20
6130.495998651987 1.3222576994277805e-20 1.0448228291277521e-20
6153.8563785557335 -1.5659764423978896e-20 1.0769499857574992e-20
6177.094292534889 -6.961871279246977e-21 1.0963849828305053e-20
6200.213061996546 7.870612815736489e-21 1.1266720473265037e-20
6223.2160083477875 -7.290610416444691e-21 1.1231897461446303e-20
6246.106452995706 -3.959003387714419e-21 1.1270712835598187e-20
6268.887717347389 -9.661943787840633e-22 1.1054595115964739e-20
6291.562809735665 1.1305867774618225e-20 1.0902725104664265e-20
6314.133354195948 -8.389022927427792e-21 1.1137555427208418e-20
6336.600133555081 3.0274265842450466e-21 1.0907180497468897e-20
6358.963798595235 -8.341636278868518e-21 1.1176841116120762e-20
6381.2250000985805 -5.196825771914578e-21 1.0985310274389547e-20
6403.384388847302 1.1278774703844024e-21 1.1304579645061755e-20
6425.442615623564 -4.948420199838655e-21 1.1276375659798202e-20
6447.400331209542 1.1304335984578216e-20 1.123298519381782e-20
6469.258186387413 -3.328622020242694e-21 1.1749988077056514e-20
6491.016831939355 -9.030362210632218e-21 1.1824197232286995e-20
6512.676918647535 -1.2800706638450145e-20 1.1863251091671454e-20
6534.239097294128 2.629968887811014e-20 1.1996594576549965e-20
6555.70401866131 3.067144774174834e-20 1.1931226721964857e-20
6577.072333531253 3.2592853007555364e-20 1.1930984241591253e-20
6598.344692686132 3.0782015111376275e-20 1.200031150776694e-20
6619.521746908118 4.982744237097666e-21 1.2347781078936538e-20
6640.604146979394 -2.745917286976241e-20 1.226372810507787e-20
6661.592543682121 -8.852151400058424e-21 1.227832969757259e-20
6682.487587798484 8.104870515667454e-21 1.243147326003428e-20
6703.289930110654 1.9464986828235568e-21 1.2546137187712549e-20
6724.000221400801 1.5919829339440615e-22 1.387487048336336e-20
6744.619112451101 1.5672117319263275e-20 1.3953940899786432e-20
6765.147254043732 -6.9764379403746e-21 1.4270765859207614e-20
6785.585296960858 -8.240011309662405e-21 1.3997490244281603e-20
6805.933891984662 7.405268829395498e-21 1.4582082901168927e-20
6826.193689897317 -2.3684109465609742e-20 1.423502112439041e-20
6846.365341480989 1.2214079864355242e-20 1.4628637677999752e-20
6866.449497517864 2.0300486149012703e-20 1.4344061963170773e-20
6886.446808790106 -7.050851354428588e-21 1.4862566289856394e-20
6906.357926079892 2.589445312704448e-20 1.4958748627550972e-20
6926.183500169397 -1.0231192998637211e-20 1.5107978624672117e-20
6945.924181840792 2.3993436421298303e-20 1.477367359650435e-20
6965.5806218762555 -9.237066307751197e-21 1.500652203663218e-20
6985.1534710579535 -2.494922042769647e-21 1.4854481724693803e-20
7004.643380168066 -1.898059848029839e-20 1.4977685396749623e-20
7024.050999988763 -9.942810133223022e-21 1.4729968386413407e-20
7043.376981302221 -1.4890671055627847e-20 1.5395444580697495e-20
7062.621974890613 3.603116631946906e-20 1.4695032316653358e-20
7081.786631536111 -6.2832395603691115e-21 1.5282986172937347e-20
7100.871602020888 -8.136453914249382e-21 1.511642305433024e-20
7119.877537127124 -1.5836117060780223e-20 1.5627753779633445e-20
7138.805087636985 -2.823492098679427e-20 1.5707225552324216e-20
7157.654904332648 8.557696627308219e-22 1.5750495925033097e-20
7176.427637996288 1.00197951345849e-20 1.5533582288841093e-20
7195.123939410078 -1.776993150907351e-20 1.5936985052766358e-20
7213.744459356186 -9.576041922036787e-21 1.575068293995058e-20
7232.2898486167915 4.640083369045074e-21 1.6018417933716385e-20
7250.760757974065 2.420900708674231e-21 1.5932152206108197e-20
7269.1578382101825 1.3727510477838483e-20 1.602270935764887e-20
7287.481740107318 -1.1909032735895247e-20 1.6291771646380022e-20
7305.73311444764 -8.164529306862252e-21 1.6180486005512362e-20
7323.912612013325 -1.1805683290013259e-20 1.612192116450649e-20
7342.020883586549 4.368581853612531e-20 1.6303740642481535e-20
7360.058579949482 -1.4703280619178895e-20 1.6246684615354656e-20
7378.026351884296 -1.2438362647220702e-20 1.6453698576599388e-20
7395.924850173169 -6.743272477917658e-22 1.643285872836934e-20
7413.75472559827 2.3332211594554844e-20 1.780867943579898e-20
7431.516628941776 -2.541149706831849e-21 1.6652545767898137e-20
7449.211210985861 -2.5645454936196424e-21 1.7099330400893924e-20
7466.839122512687 -6.5647179244420064e-21 1.6841053731745186e-20
7484.401014304444 -1.822408753228391e-20 1.7213667103935845e-20
7501.897537143292 3.539250704034004e-20 1.753002132519598e-20
7519.329341811414 2.2239307815529277e-20 1.7655734316165237e-20
7536.697079090978 -2.8345601111170607e-21 1.7439239960787627e-20
7554.001399764159 3.491613128821085e-21 1.8048358139216796e-20
7571.242954613127 -1.7243837297944307e-21 1.7868161287144576e-20
7588.422394420058 3.494058204574559e-21 1.812899228177813e-20
7605.540369967122 -1.775396743927881e-22 1.8385651512829865e-20
7622.597532036498 1.5119366507132144e-20 1.869655289632133e-20
7639.594531410354 -7.132697159465495e-21 1.879926365097704e-20
7656.532018870864 -1.0034772242313711e-20 1.870861884835422e-20
7673.410645200204 3.485742663429067e-21 1.9102612801361988e-20
7690.231061180542 2.6802227239235017e-21 1.8965327408044846e-20
7706.993917594054 5.198713181962991e-21 1.9351116588373522e-20
7723.699865222914 3.108658192538885e-20 1.905584640696819e-20
7740.349554849296 2.376434081156005e-20 1.9017743803440597e-20
7756.943637255367 1.2045589441994366e-20 1.938694540955674e-20
7773.482763223307 1.131189298384809e-20 1.9462255463948617e-20
7789.967583535284 -1.3740971230752664e-20 2.025138391511917e-20
7806.398748973473 1.033634349404218e-20 2.0724032292955917e-20
7822.776910320045 1.4099831686785395e-20 2.0708281507985812e-20
7839.102718357179 1.5401705688435613e-20 2.1274258268774606e-20
7855.376823867041 1.7636700539872293e-20 2.306539365194551e-20
7871.599877631804 -2.2521982440183573e-20 2.197381388173185e-20
7887.772530433646 -7.167399940482353e-21 2.1573908593703235e-20
7903.895433054731 -4.6323140715297334e-21 2.200418998750922e-20
7919.969236277241 1.2124873939647741e-20 2.192751692649321e-20
7935.994590883343 -7.601717524217387e-21 2.21915586590453e-20
7951.972147655211 -1.4665135680964777e-20 2.201293272759109e-20
7967.902557375022 -4.662163482050416e-21 2.2595042064810446e-20
7983.786470824944 1.3038271056184226e-21 2.3804898918405724e-20
7999.624538787151 1.5750170149587794e-21 2.3382127104237052e-20
8015.417412043817 -1.0864058092372904e-20 2.373116956060023e-20
8031.165741377109 7.163561691892486e-21 2.4106118335840825e-20
8046.870177569208 1.0452788798093245e-20 2.4457928911610342e-20
8062.53137140228 -1.565995570193074e-20 2.450722680246415e-20
8078.149973658498 -2.108142736299605e-20 2.511736526937807e-20
8093.726577201904 2.201192423835597e-20 2.5148178725928808e-20
8109.261518557864 1.8494550628461253e-20 2.5753361824441242e-20
8124.754977627984 2.3163222365395305e-20 2.584921848425789e-20
8140.207109634047 -1.7962523015426733e-20 2.6096494480283548e-20
8155.618069797823 -6.242866663291665e-21 2.5987671173153915e-20
8170.988013341106 2.8291478329929915e-20 2.6479820322168707e-20
8186.3170954856705 -4.777023646242462e-20 2.713366951015059e-20
8201.605471453298 1.2713847879866276e-21 2.831292666044647e-20
8216.85329646577 -1.2226199020928572e-20 2.900416667233652e-20
8232.060725744863 1.2298269835397378e-20 2.8847630462831265e-20
8247.227914512367 -6.7316514424465616e-21 2.934552471671203e-20
8262.355017990054 1.4391284327353217e-20 2.978191379322528e-20
8277.442191399708 5.589971447756331e-21 2.9831109321105185e-20
8292.489589963112 3.645838125894157e-20 3.069195536204281e-20
8307.49736890204 -1.3915051191283918e-20 3.0498097244037205e-20
8322.465683438286 9.288291251271759e-21 3.079161602887045e-20
8337.394688793614 -1.4565460320925675e-20 3.103416082724568e-20
8352.284540189814 1.553673221878329e-20 3.137397944276989e-20
8367.13539284867 -7.27601794017978e-21 3.165417454619497e-20
8381.947401991954 7.38169996318269e-21 3.218701380087434e-20
8396.720722841452 -1.775073552944019e-20 3.283164912575004e-20
8411.455510618945 5.098870162131695e-20 3.5316302406334445e-20
8426.15192054621 1.950052994338664e-20 3.42299242815558e-20
8440.81010784503 1.9080785549390464e-20 3.525109757826725e-20
8455.43022773719 -1.1985963587515375e-21 3.5374364916960597e-20
8470.012435444465 7.506943608566368e-21 3.576136625263407e-20
8484.556886188635 -6.08592903510731e-21 3.585804500493249e-20
8499.063735191485 -1.410154260900234e-21 3.66437423379648e-20
8513.533137674793 6.510539148361967e-22 3.649500444291597e-20
8527.965248860339 2.5548118997530105e-20 3.7333759639661766e-20
8542.360223969907 4.4080778086072606e-21 3.7637373105614644e-20
8556.718218225278 -6.876109836970325e-21 3.858832570593708e-20
8571.039386848224 -5.643619291057937e-20 3.793129676244958e-20
8585.323885060538 1.9128282671519677e-20 3.894373358803396e-20
8599.571868083995 7.242848357002464e-20 3.8310802035982815e-20
8613.78349114037 7.681855275745257e-20 3.8856860628186864e-20
8627.958909451452 -1.0776818597606129e-20 3.9237331034851594e-20
8642.09827823902 -3.915932905542991e-20 4.063030969835449e-20
8656.20175272485 1.5119099348868802e-20 4.105919005636015e-20
8670.269488130729 -3.6548972472555235e-20 4.206313614120864e-20
8684.301639678435 3.8394111788018804e-20 4.222087384163076e-20
8698.298362589745 2.2866826995016788e-20 4.3423055665097227e-20
8712.259812086446 1.3765179430269463e-20 4.301932594950138e-20
8726.186143390314 -4.6989149208583154e-20 4.399182163309767e-20
8740.077511723131 9.873705805406284e-21 4.527585025136198e-20
8753.93407230668 1.2212434844444049e-19 4.527030221904457e-20
8767.755980362737 5.928122044771221e-20 4.64724592358215e-20
8781.543391113086 -4.799678699453492e-20 4.75178701544765e-20
8795.296459779503 2.6620886681799484e-20 4.8349464155590556e-20
8809.015341583776 -1.3906296760641993e-20 4.858239049440516e-20
8822.70019174768 1.9564191853201704e-21 4.9733063142622266e-20
8836.351165492997 5.160975836131503e-20 5.134857306963693e-20
8849.968418041508 -3.3888967336502885e-20 5.126886571125557e-20
8863.552104614992 6.815326981055858e-20 5.274809965162131e-20
8877.102380435232 6.958964591510977e-21 5.352252638710458e-20
8890.61940072401 2.0912839293834636e-20 5.505677017402455e-20
8904.103320703101 -3.836561646028638e-21 5.525246194100454e-20
8917.554295594291 -2.1232696180803967e-21 5.782048799666115e-20
8930.972480619354 6.344562173644596e-20 5.722540382503366e-20
8944.358031000078 -3.3630855405213616e-20 5.907148661216862e-20
8957.711101958235 -1.7312370444509084e-19 5.894264668544477e-20
8971.031848715616 -2.9865656987202106e-20 5.993994223613237e-20
8984.320426493998 -2.0349655010345057e-20 5.975041226461046e-20
8997.576990515154 -5.366432585940287e-21 6.233160165245605e-20
9010.801696000872 -4.4504423162479015e-20 6.294649815649178e-20
9023.994698172926 2.142997792693312e-20 6.47905871174828e-20
9037.156152253106 2.468526189023125e-19 6.59845525724165e-20
9050.28621346319 -9.307621999524805e-20 6.731649031486736e-20
9063.38503702495 -1.1906122778288115e-20 6.819954461969176e-20
9076.45277816018 8.115645923068454e-20 6.945745549581753e-20
9089.489592090646 5.3497411547914045e-20 7.057403853023417e-20
9102.495634038136 -8.284169659039606e-21 7.047126102175837e-20
9115.471059224432 8.440149717778245e-20 7.215895468750747e-20
9128.41602287131 -1.7657039521880282e-20 7.391239021993109e-20
9141.330680200552 -1.4287700430270165e-20 7.437616423142753e-20
9154.215186433941 -6.606352745478797e-20 7.655159550842529e-20
9167.069696793256 -1.1796498900040565e-19 7.781013958245842e-20
9179.894366500275 3.8778197361822065e-20 7.984665265656784e-20
9192.689350776784 -4.9690012156926665e-20 7.995493674306234e-20
9205.454804844554 5.933011426566876e-20 8.427327415175011e-20
9218.190883925376 8.818351717234055e-20 8.373916145815728e-20
9230.897743241025 -1.2781300104242544e-19 8.677345355796714e-20
9243.57553801328 -1.1535436365484865e-19 8.709855723954227e-20
9256.224423463922 -9.415510549346065e-20 9.102983187353639e-20
9268.844554814737 5.9554083040273655e-21 9.207239810256775e-20
9281.436087287497 2.6257949384213593e-19 9.522254792732123e-20
9293.999176103986 -1.2840935378466813e-21 9.528009071433545e-20
9306.533976485985 6.848474798913271e-21 9.651337097899246e-20
9319.040643655277 -1.2174181122330747e-19 9.696228006646925e-20
9331.519332833635 -3.405735597292478e-19 1.0661076823838328e-19
9343.970199242847 -4.4876659157012755e-20 1.0148095513201284e-19
9356.393398104687 2.6001472336111665e-19 1.0334268639969846e-19
9368.789084640941 -2.465177315671648e-20 1.0182348586823169e-19
9381.157414073383 9.408497360338352e-20 1.050788356270978e-19
9393.4985416238 -6.289054164831554e-20 1.137326504245361e-19
9405.81262251397 -4.0824379796821965e-20 1.156314319222508e-19
9418.09981196567 -4.971211978182895e-20 1.1668305827534566e-19
9430.360265200681 -8.043586457166232e-23 1.1815659236806156e-19
9442.594137440785 9.00683137680493e-20 1.1861859839103895e-19
9454.801583907765 -1.2847020209727032e-20 1.2456902885521167e-19
9466.982759823397 -1.0853308514945832e-19 1.2392420230906442e-19
9479.137820409465 1.014872396135906e-19 1.2610818060857078e-19
9491.266920887745 -1.6713856737672308e-19 1.2639439569378908e-19
9503.370216480018 -7.51538742594782e-20 1.3070319225479576e-19
9515.447862408066 1.2025207103756241e-19 1.3115591492479366e-19
9527.50001389367 9.266779572652511e-20 1.338131482370995e-19
9539.526826158612 3.168271414389023e-20 1.3354419460808593e-19
9551.528454424666 -2.690217335332839e-20 1.3718219994807148e-19
9563.505053913614 -3.888714477876285e-19 1.380286319004833e-19
9575.456779847234 1.4364770492017294e-19 1.419524160002582e-19
9587.383787447312 -4.8410452793867216e-20 1.396360011162037e-19
9599.286231935628 6.073224922526792e-19 1.5833445345854672e-19
9611.164268533961 8.116458659855968e-20 1.472422537822051e-19
9623.018052464084 5.90243557136596e-20 1.4528161265918718e-19
9634.847738947787 1.7011738602070635e-20 1.4156126944566218e-19
9646.65348320685 -1.3286510622418576e-19 1.4409329301231455e-19
9658.435440463043 1.3922461146907915e-19 1.4709225447672567e-19
9670.193765938155 1.752938770432803e-19 1.4665011037332042e-19
9681.928614853965 6.419118702380102e-20 1.4472805290195051e-19
9693.640142432248 -1.654552373279047e-19 1.4943610004293141e-19
9705.328503894796 -4.1576222913578905e-20 1.4631071157760436e-19
9716.993854463377 -2.1226216821793533e-19 1.5164956697784507e-19
9728.63634935977 -1.8147824616513888e-19 1.4958923832525554e-19
9740.25614380576 2.712049626344883e-19 1.539835766624424e-19
9751.853393023135 6.736905530839392e-19 1.5442007323170297e-19
9763.428252233665 -1.4516071562333576e-19 1.5680469421925982e-19
9774.98087665913 -4.1519697536938506e-19 1.5687013430816442e-19
9786.511421521316 -6.512509061588526e-21 1.5714942216675502e-19
9798.020042041995 6.402342829729334e-19 1.6542514475971e-19
9809.506893442955 2.5264291710346183e-19 1.6373654100106578e-19
9820.972130945967 -8.67970587030444e-20 1.5884049069791337e-19
9832.415909772819 -1.7140838170403196e-19 1.6616833646994158e-19
9843.838385145289 6.081208196432778e-20 1.6013642692130484e-19
9855.23971228516 2.279457262588455e-20 1.6404027748158151e-19
9866.620046414206 1.855546257516732e-19 1.6239141592560677e-19
9877.97954275421 8.41651164131754e-20 1.6292585869772804e-19
9889.318356526954 2.0125949784054522e-19 1.6283782077750377e-19
9900.636642954214 -2.3716662083364625e-19 1.6853037681361213e-19
9911.93455725777 -3.2373149258622757e-19 1.6689606172096107e-19
9923.212254659402 8.056583581752713e-20 1.6889681932954426e-19
9934.469890380895 1.2331898138066873e-19 1.6558733875900342e-19
9945.707619644023 1.799748567157023e-19 1.7172015206514004e-19
9956.925597670564 -6.809631904743433e-20 1.7124634946084139e-19
9968.123979682305 1.9087535825798186e-19 1.7267339743253688e-19
9979.302920901024 -3.342781483863154e-20 1.7240017163236933e-19
9990.4625765485 -1.5923130947247546e-19 1.778322388472151e-19
10001.603101846511 2.4654935340829825e-20 1.7626388651972318e-19
10012.724652016843 -1.5356300188260895e-19 1.811471714827539e-19
10023.827382281272 6.301120128507657e-20 1.7869065574922655e-19
10034.911447861572 6.856605785155264e-19 1.8237303008588456e-19
10045.977003979533 -1.5898727780439477e-19 1.7864040008866206e-19
10057.024205856926 -5.099379853911444e-21 1.8081047991700905e-19
10068.053208715537 -1.4609320410126008e-19 1.7733011663203249e-19
10079.064167777144 -1.122673462621096e-19 1.8606421572678741e-19
10090.057238263522 2.389505641780449e-19 1.8562748992950015e-19
10101.032575396457 8.319502549397013e-20 1.8946139649296616e-19
10111.990334397731 2.4330208408959364e-19 1.9168341129091803e-19
10122.930670489119 1.8026521906054277e-20 1.9856352124193397e-19
10133.853738892401 -6.352852145337535e-20 2.0015698778311047e-19
10144.75969482936 1.5017832234512813e-19 2.1055387717135593e-19
10155.648693521769 -1.8279815353614557e-19 2.0925948656124673e-19
10166.520890191416 -4.7500982192929956e-20 2.1842591971204847e-19
10177.376440060072 4.024030954205612e-20 2.2204057075260503e-19
10188.215498349527 1.4937822364951851e-19 2.323438797486566e-19
10199.03822028155 -5.004082941092294e-20 2.3064779003837004e-19
10209.84476107793 -5.212462152447736e-20 2.421648748945454e-19
10220.635275960442 -6.692535244918804e-19 2.3772401565510796e-19
10231.409920150863 8.314116700290008e-21 2.3793227967233027e-19
10242.168848870982 5.267877456870013e-19 2.3964188632864896e-19
10252.912217342571 3.6178169256141073e-19 2.4823354360116785e-19
10263.64018078741 -5.075421291614922e-19 2.6879461383354696e-19
10274.35289442728 -4.998185294749451e-19 2.6163259999037355e-19
10285.05051348396 3.5549984421114655e-20 2.4611562065025497e-19
10295.733193179234 6.845625373907361e-19 2.5257412027174287e-19
10306.401088734874 -4.602299043754962e-19 2.5438972919338554e-19
10317.054355372662 -3.696301490023637e-19 2.5953389194009434e-19
10327.693148314384 -4.925253734921688e-19 2.603914883745253e-19
10338.317622781815 -2.0297851757153592e-19 2.674239017764314e-19
10348.927933996736 -1.4070360176505454e-19 2.6797800814389496e-19
10359.52423718092 9.686031405375259e-20 2.7387275583930563e-19
10370.106687556154 -1.0635313282963304e-19 2.707931149838602e-19
10380.675440344214 1.7003370278274306e-19 2.757276279724604e-19
10391.230650766882 -3.0269617573738394e-19 2.75204718835617e-19
10401.772474045936 3.212252354798122e-19 2.7749407845997627e-19
10412.301065403157 6.775834654389045e-20 2.5348475734124346e-19
10422.816580060324 -2.1605830735393742e-19 2.648339141076763e-19
10433.319173239217 -1.446544307474343e-19 2.5600080322130764e-19
10443.809000161611 8.690242845445847e-20 2.900757012467201e-19
10454.28621604929 -3.1539385675873386e-19 3.255273403466143e-19
10464.750976124033 -9.489846222399104e-20 3.986557032906805e-19
10475.203435607622 -8.122071208730906e-19 5.373250516953279e-19
10485.643749721832 -4.647803320710117e-19 7.529553704735833e-19
10496.07207368844 -6.806907638299918e-19 1.3421729472037174e-18
10506.488562729233 2.9419445804172067e-18 1.3588261127312048e-18
